0.000000000000000000e+00
2.400000000000000000e+01
4.100000000000000000e+01
6.600000000000000000e+01
7.500000000000000000e+01
9.200000000000000000e+01
1.180000000000000000e+02
1.430000000000000000e+02
1.520000000000000000e+02
1.610000000000000000e+02
1.780000000000000000e+02
1.950000000000000000e+02
2.210000000000000000e+02
2.300000000000000000e+02
2.550000000000000000e+02
2.640000000000000000e+02
2.730000000000000000e+02
2.820000000000000000e+02
2.990000000000000000e+02
3.250000000000000000e+02
3.420000000000000000e+02
3.680000000000000000e+02
3.770000000000000000e+02
3.860000000000000000e+02
4.110000000000000000e+02
4.200000000000000000e+02
4.290000000000000000e+02
4.380000000000000000e+02
4.470000000000000000e+02
