2.713756435157504109e-03
1.633707035964204399e-02
1.784150507369507838e-02
3.913775681484244623e-02
1.796019182085917959e-02
4.836324559440860482e-02
1.314535918590478865e-02
1.159922372284814991e-02
4.418354744427831216e-02
3.074307526542496491e-02
3.187541098836892822e-02
1.167332274607763010e-01
8.024507208262425528e-02
5.558068292195516430e-02
8.751704115886781155e-02
4.963993006390351320e-02
4.339764871305658994e-02
6.357760348087674630e-03
2.315995444661604966e-02
7.202360902906788931e-02
1.093971033860656333e-01
1.322234518406528725e-02
4.068710002782243568e-02
2.746475484375714843e-02
2.974841312243481015e-02
2.003443578978073014e-02
2.231130984182610674e-02
7.360265205940352828e-02
1.935599927765886338e-02
1.914527278525736745e-02
8.021226838204541243e-02
3.754015367074357845e-02
2.408449618032645206e-02
1.156091794349494439e-01
2.015419011351133882e-01
3.288361215572527946e-02
8.550612904481456888e-02
6.506822911714316149e-02
4.352786985727374186e-02
9.128054890367001684e-02
3.830082491160749503e-02
4.579315169117099266e-03
1.409093438497074045e-02
9.511619215853641188e-03
1.428332922367322837e-02
6.313889793419127927e-02
4.516111079543346646e-02
3.976292503183884164e-02
1.350738970890616453e-02
3.524562142230353023e-02
7.093168392163673452e-02
2.470922143336101023e-02
3.776821986529112912e-02
1.212540645222625890e-01
8.079549699511516525e-02
2.636922318216596006e-02
3.814664938273899797e-02
7.166389733669867312e-02
3.162987048668815943e-02
1.350579966891688778e-02
3.009389185704679573e-02
4.224338741511059897e-02
7.166389733669868700e-02
4.625426328806124879e-03
8.481273302802294634e-02
1.075662052745735356e-02
4.051339285130892837e-02
1.109747023649720055e-01
1.115699404601244032e-01
6.968005951377559404e-02
2.499999999639999915e-01
1.115699404601244032e-01
6.968005951377559404e-02
6.968005951377559404e-02
1.644965277540902659e-01
2.134253438945170681e-02
2.740168150745295531e-02
1.710041814644847752e-02
1.518549228122730854e-01
2.181863570802331995e-02
1.961466106474799714e-02
1.869812144772249954e-02
4.891361524246384124e-02
4.863900998755736615e-02
1.217856474000144212e-01
1.061911002780368263e-01
3.588413084245351686e-02
9.346296839802124834e-02
1.126220343807653318e-01
7.148919855248585253e-02
6.629487967233939349e-02
1.709328554242493803e-02
6.162428968091849917e-03
2.997217144892194360e-02
8.782327231480922466e-03
1.502190464603074364e-02
5.593498536916584329e-02
6.568639155564434673e-02
8.881518091212603147e-03
2.194322241397447457e-02
1.317191638913040724e-02
1.417983197703880441e-02
7.874468455254245158e-02
2.096233502329455586e-02
4.955790528133718204e-02
9.550610297942314919e-02
4.957653636874709974e-02
3.938428191679447382e-02
1.265520548463927586e-01
2.982338515932442952e-02
3.014956039383891173e-02
1.107998640558295958e-02
5.526269176431779229e-02
3.678144028272433558e-02
8.032255396938522973e-02
1.169507469979209381e-02
2.817020416379646675e-02
1.665146877019402227e-02
1.103078168424534433e-02
1.994393045109341817e-02
1.104492280556352429e-02
9.119962666126439285e-03
6.397973576393505002e-02
4.891732039187693393e-02
4.009750302572883535e-02
1.390496459216518030e-02
9.119962666126441020e-03
8.656558120529721234e-02
2.645945209844428186e-02
8.345524157136381682e-02
1.029261515143641420e-01
5.695336610896496732e-02
1.582214711487726563e-02
3.364596995234273719e-02
9.176173623366200294e-02
4.009750302572883535e-02
1.390425753609927061e-02
1.121567684548053188e-02
6.072869197288575938e-02
6.895811752399987060e-02
1.255448750627910677e-02
5.768375502504890368e-02
9.603942543241109076e-03
4.485780422634470799e-02
1.193617724695843901e-01
1.120866401954997427e-01
7.032076718564099493e-02
2.499999999640000192e-01
1.120866401954997288e-01
7.032076718564099493e-02
6.430224866798914252e-02
1.548445766972790794e-01
4.718915343235819543e-02
1.158399470732661279e-01
1.162367724700343746e-01
6.755952379979524025e-02
2.499999999639999637e-01
1.162367724700343746e-01
6.755952379979524025e-02
6.755952379979524025e-02
1.506062610012403602e-01
4.882315084698954366e-02
1.696927496845609604e-02
3.958313551569713623e-02
7.445992944514549794e-02
2.917418351604255181e-02
8.169896714617895517e-03
7.873723892086423315e-02
4.732224179146314602e-02
2.804393007076096817e-02
1.163788283035807614e-01
1.899458786268936605e-01
4.634496291018201652e-02
1.057891201524405883e-01
2.721610909683661386e-02
3.729836369429249260e-02
6.277302442117439762e-02
4.266759505787660195e-02
2.367575990615368442e-02
3.033242805812734130e-02
3.116879022038817476e-02
7.188435952179027255e-02
4.449383649537415331e-02
5.557732408346074092e-03
1.044083536981519622e-01
2.589885286949211718e-02
5.239761656296452325e-02
1.438898722054804402e-01
1.222692122166106760e-01
3.541950970741979815e-02
9.360005042947376619e-02
6.786693868852876343e-02
8.171578097574379307e-02
3.510739394088950582e-02
3.020632067771106613e-02
6.822447637454102237e-03
3.283716526565163413e-02
9.837402268924868784e-03
1.557345784032247889e-02
5.695837794042874630e-02
6.756586595596000833e-02
8.773068925021811071e-03
2.155688622444071334e-02
1.286102282695591320e-02
1.528078586603677687e-02
8.364024061184999193e-02
2.245577915219303805e-02
5.069238782967844942e-02
9.568338379420038287e-02
4.961321736908886476e-02
3.801545029116962238e-02
1.207017824718012861e-01
2.836751668931261974e-02
3.110608078427759896e-02
1.169506179884597687e-02
5.384468426693785753e-02
3.543366068579510697e-02
7.855110958836877821e-02
1.076544422237994160e-02
2.600723341889547152e-02
1.533002408512925893e-02
4.835482803536495650e-02
1.179150132105334647e-01
1.183118386073017253e-01
6.918816136569828912e-02
2.499999999640000192e-01
1.143766534226832027e-01
6.617890210687236985e-02
6.617890210687236985e-02
1.482886904548369189e-01
5.706727660657023860e-03
1.755934562921527414e-02
1.185261796855825202e-02
2.027885236642995234e-02
7.752891451322548033e-02
5.082770622310196773e-02
2.739475908312193411e-02
1.406155834912624532e-02
2.630083038754080921e-02
9.027557057026319720e-02
2.733310128391645139e-02
4.051673213080723285e-02
1.006724677891926989e-01
5.708159712767603422e-02
1.090050221114973426e-02
6.432817859945834382e-02
8.968465017852293719e-02
3.230013425023417484e-02
1.406116055687330925e-02
3.170961165074683008e-02
6.861220226748049322e-02
5.950713538996909441e-02
1.698771816174252103e-02
2.716185171902638432e-02
1.708676843272423015e-02
4.710751487416889316e-02
1.236514136726703933e-01
1.122674851028810927e-01
7.054501487079389843e-02
2.499999999639999915e-01
1.122674851028810927e-01
7.054501487079389843e-02
6.169084820540222946e-02
1.501147073196533177e-01
4.954737102461120174e-02
1.200210813319232822e-01
1.164248511737109720e-01
6.777653768865286865e-02
2.499999999640000192e-01
1.164248511737109720e-01
6.777653768865286865e-02
6.482514880018896974e-02
1.459966104287119260e-01
5.076729909983236644e-02
1.182059151615497822e-01
1.185035342091259880e-01
6.639229909758236070e-02
2.499999999639999915e-01
1.185035342091259880e-01
6.639229909758236070e-02
6.639229909758236070e-02
1.439375619832412301e-01
4.354970395668567029e-02
2.827187067217984753e-02
4.046391506741642968e-02
8.252458409936777595e-02
3.182298297542857091e-02
2.544110565805682636e-02
3.041882913152648554e-02
6.843166025266818331e-02
3.020700706209533334e-02
1.659192944354284938e-01
1.087619732601199651e-01
2.712883082581553015e-02
1.030094720286501148e-01
7.656235427803889659e-02
6.255107613465102356e-02
6.078456000845161578e-02
1.408264676516384969e-02
7.542942938278326091e-03
3.414301450163256813e-02
9.538132305392483384e-03
1.714584319530141135e-02
5.905975017926286957e-02
6.574535890066468546e-02
9.614676248228648525e-03
2.203876754121331799e-02
1.247119525780692600e-02
1.638117481398296271e-02
8.274883877371311258e-02
2.122622414802939270e-02
5.423005169089513411e-02
9.553272865513919021e-02
4.723854757889163480e-02
4.077584154816658174e-02
1.196619449208974201e-01
2.681981997067236362e-02
3.062816150751466321e-02
1.095461581897605625e-02
5.619467955702341089e-02
3.487459795527824563e-02
7.415341662143749846e-02
1.135247609327833321e-02
2.555978891167700121e-02
1.434862471286543761e-02
4.480542914566359308e-02
1.045236602667717202e-02
3.158150375770706064e-02
4.343782985245348699e-02
1.239449269756856681e-01
5.536606344971988815e-03
5.875032900228266408e-02
2.492666791128292370e-02
5.584499455140953805e-02
1.554021528611129188e-01
1.034493893140299020e-01
3.484474762678337750e-02
1.103511528106169703e-01
5.330028300940074792e-02
4.027905537383072443e-02
5.936574868422720558e-02
4.323676019446367341e-02
7.186022291962607979e-03
3.441351937523151605e-02
1.041542959911516755e-02
1.590353071392040796e-02
5.762080626390823912e-02
6.868471787206581469e-02
8.737367149176012912e-03
2.140439815336592222e-02
1.272660718584455591e-02
1.583158222999091896e-02
8.608182976442599332e-02
2.320161296661436834e-02
5.130714948903149220e-02
9.573120108065122369e-02
4.962790497199600498e-02
3.735261100352731123e-02
1.177399507381302057e-01
2.763672871201569223e-02
3.146150381334925084e-02
1.195148638854947112e-02
5.301468481190562548e-02
3.466451162201728692e-02
7.747551445399561421e-02
1.028398373800412657e-02
2.487636562868382473e-02
1.464533849659493611e-02
5.026289681815897248e-02
1.212847222047572365e-01
1.176537698243277086e-01
6.873511903772119847e-02
2.499999999640000470e-01
1.152926587135565950e-01
6.692956348242563858e-02
6.401289681617897132e-02
1.446246692913433496e-01
5.149925594496506526e-02
1.194531249827987529e-01
1.197507440303749587e-01
6.733258927601840083e-02
2.499999999640000470e-01
1.173549106973866274e-01
6.556175594294007258e-02
6.556175594294007258e-02
1.425830852969283691e-01
5.946387037522168559e-03
1.829669301179268071e-02
1.235030597427051562e-02
1.243801868394409267e-02
7.404047514016202924e-02
5.824263957130497438e-02
1.978004350978472548e-02
2.827226330209962543e-02
2.691443491112956166e-02
9.184106302917108278e-02
2.785674184437167758e-02
4.506485520388751193e-02
1.032510989400902968e-01
6.394422030882382368e-02
2.732053584561245155e-02
8.923348765581277930e-02
3.170960854723205852e-02
3.229240794474386861e-02
1.414173304324957588e-02
2.732053584561245502e-02
3.421228512121296528e-02
8.843579848481909755e-02
7.357937871862691576e-03
4.307101418950787936e-02
1.659717969663701900e-02
4.848214285016143321e-02
1.262559523627715119e-01
1.123511904600118932e-01
7.064880951363608497e-02
2.499999999640000192e-01
1.123511904600118932e-01
7.064880951363608497e-02
6.014880951514808838e-02
1.473075396613273691e-01
5.098809523075295558e-02
1.225595237918752495e-01
1.165119047451270567e-01
6.787698411720984037e-02
2.499999999639999637e-01
1.165119047451270567e-01
6.787698411720984037e-02
6.321031745121517831e-02
1.432605819899524791e-01
5.224107142104870982e-02
1.207113095064271113e-01
1.185922618876846107e-01
6.649107141899671114e-02
2.499999999639999637e-01
1.185922618876846107e-01
6.649107141899671114e-02
6.474107141924870246e-02
1.412371031542650202e-01
5.299285713522618180e-02
1.196023809351582368e-01
1.198404761732191764e-01
6.565952380006884193e-02
2.499999999639999915e-01
1.198404761732191764e-01
6.565952380006884193e-02
6.565952380006884193e-02
1.400230158528525948e-01
