    0.10000E-03    0.29434E+03
    0.10202E-03    0.30006E+03
    0.10408E-03    0.30589E+03
    0.10618E-03    0.31184E+03
    0.10833E-03    0.31790E+03
    0.11052E-03    0.32408E+03
    0.11275E-03    0.33038E+03
    0.11503E-03    0.33680E+03
    0.11735E-03    0.34335E+03
    0.11972E-03    0.35002E+03
    0.12214E-03    0.35682E+03
    0.12461E-03    0.36376E+03
    0.12712E-03    0.37083E+03
    0.12969E-03    0.37803E+03
    0.13231E-03    0.38538E+03
    0.13499E-03    0.39287E+03
    0.13771E-03    0.40050E+03
    0.14049E-03    0.40828E+03
    0.14333E-03    0.41622E+03
    0.14623E-03    0.42430E+03
    0.14918E-03    0.43255E+03
    0.15220E-03    0.44095E+03
    0.15527E-03    0.44951E+03
    0.15841E-03    0.45825E+03
    0.16161E-03    0.46715E+03
    0.16487E-03    0.47622E+03
    0.16820E-03    0.48547E+03
    0.17160E-03    0.49490E+03
    0.17507E-03    0.50451E+03
    0.17860E-03    0.51430E+03
    0.18221E-03    0.52429E+03
    0.18589E-03    0.53447E+03
    0.18965E-03    0.54484E+03
    0.19348E-03    0.55542E+03
    0.19739E-03    0.56620E+03
    0.20138E-03    0.57719E+03
    0.20544E-03    0.58839E+03
    0.20959E-03    0.59981E+03
    0.21383E-03    0.61145E+03
    0.21815E-03    0.62331E+03
    0.22255E-03    0.63541E+03
    0.22705E-03    0.64773E+03
    0.23164E-03    0.66029E+03
    0.23632E-03    0.67310E+03
    0.24109E-03    0.68615E+03
    0.24596E-03    0.69945E+03
    0.25093E-03    0.71302E+03
    0.25600E-03    0.72684E+03
    0.26117E-03    0.74092E+03
    0.26645E-03    0.75528E+03
    0.27183E-03    0.76991E+03
    0.27732E-03    0.78483E+03
    0.28292E-03    0.80003E+03
    0.28864E-03    0.81553E+03
    0.29447E-03    0.83132E+03
    0.30042E-03    0.84741E+03
    0.30649E-03    0.86382E+03
    0.31268E-03    0.88053E+03
    0.31899E-03    0.89757E+03
    0.32544E-03    0.91493E+03
    0.33201E-03    0.93263E+03
    0.33872E-03    0.95066E+03
    0.34556E-03    0.96904E+03
    0.35254E-03    0.98777E+03
    0.35966E-03    0.10069E+04
    0.36693E-03    0.10263E+04
    0.37434E-03    0.10461E+04
    0.38190E-03    0.10663E+04
    0.38962E-03    0.10869E+04
    0.39749E-03    0.11079E+04
    0.40552E-03    0.11293E+04
    0.41371E-03    0.11510E+04
    0.42207E-03    0.11732E+04
    0.43060E-03    0.11958E+04
    0.43929E-03    0.12189E+04
    0.44817E-03    0.12423E+04
    0.45722E-03    0.12663E+04
    0.46646E-03    0.12906E+04
    0.47588E-03    0.13154E+04
    0.48550E-03    0.13407E+04
    0.49530E-03    0.13665E+04
    0.50531E-03    0.13928E+04
    0.51552E-03    0.14195E+04
    0.52593E-03    0.14468E+04
    0.53656E-03    0.14745E+04
    0.54739E-03    0.15028E+04
    0.55845E-03    0.15316E+04
    0.56973E-03    0.15609E+04
    0.58124E-03    0.15908E+04
    0.59299E-03    0.16212E+04
    0.60496E-03    0.16522E+04
    0.61719E-03    0.16838E+04
    0.62965E-03    0.17160E+04
    0.64237E-03    0.17487E+04
    0.65535E-03    0.17821E+04
    0.66859E-03    0.18161E+04
    0.68210E-03    0.18506E+04
    0.69588E-03    0.18859E+04
    0.70993E-03    0.19217E+04
    0.72427E-03    0.19583E+04
    0.73891E-03    0.19955E+04
    0.75383E-03    0.20333E+04
    0.76906E-03    0.20719E+04
    0.78460E-03    0.21111E+04
    0.80045E-03    0.21511E+04
    0.81662E-03    0.21918E+04
    0.83311E-03    0.22332E+04
    0.84994E-03    0.22753E+04
    0.86711E-03    0.23182E+04
    0.88463E-03    0.23619E+04
    0.90250E-03    0.24063E+04
    0.92073E-03    0.24516E+04
    0.93933E-03    0.24976E+04
    0.95831E-03    0.25445E+04
    0.97767E-03    0.25921E+04
    0.99742E-03    0.26406E+04
    0.10176E-02    0.26900E+04
    0.10381E-02    0.27402E+04
    0.10591E-02    0.27913E+04
    0.10805E-02    0.28433E+04
    0.11023E-02    0.28962E+04
    0.11246E-02    0.29500E+04
    0.11473E-02    0.30047E+04
    0.11705E-02    0.30603E+04
    0.11941E-02    0.31169E+04
    0.12182E-02    0.31745E+04
    0.12429E-02    0.32330E+04
    0.12680E-02    0.32925E+04
    0.12936E-02    0.33530E+04
    0.13197E-02    0.34145E+04
    0.13464E-02    0.34770E+04
    0.13736E-02    0.35406E+04
    0.14013E-02    0.36052E+04
    0.14296E-02    0.36709E+04
    0.14585E-02    0.37376E+04
    0.14880E-02    0.38054E+04
    0.15180E-02    0.38743E+04
    0.15487E-02    0.39443E+04
    0.15800E-02    0.40155E+04
    0.16119E-02    0.40877E+04
    0.16445E-02    0.41611E+04
    0.16777E-02    0.42356E+04
    0.17116E-02    0.43113E+04
    0.17462E-02    0.43882E+04
    0.17814E-02    0.44662E+04
    0.18174E-02    0.45454E+04
    0.18541E-02    0.46258E+04
    0.18916E-02    0.47075E+04
    0.19298E-02    0.47903E+04
    0.19688E-02    0.48743E+04
    0.20086E-02    0.49596E+04
    0.20491E-02    0.50462E+04
    0.20905E-02    0.51339E+04
    0.21328E-02    0.52229E+04
    0.21758E-02    0.53132E+04
    0.22198E-02    0.54047E+04
    0.22646E-02    0.54975E+04
    0.23104E-02    0.55916E+04
    0.23571E-02    0.56870E+04
    0.24047E-02    0.57836E+04
    0.24533E-02    0.58815E+04
    0.25028E-02    0.59807E+04
    0.25534E-02    0.60811E+04
    0.26050E-02    0.61829E+04
    0.26576E-02    0.62859E+04
    0.27113E-02    0.63902E+04
    0.27660E-02    0.64958E+04
    0.28219E-02    0.66027E+04
    0.28789E-02    0.67108E+04
    0.29371E-02    0.68202E+04
    0.29964E-02    0.69309E+04
    0.30569E-02    0.70428E+04
    0.31187E-02    0.71560E+04
    0.31817E-02    0.72704E+04
    0.32460E-02    0.73860E+04
    0.33115E-02    0.75028E+04
    0.33784E-02    0.76209E+04
    0.34467E-02    0.77401E+04
    0.35163E-02    0.78605E+04
    0.35874E-02    0.79820E+04
    0.36598E-02    0.81046E+04
    0.37338E-02    0.82284E+04
    0.38092E-02    0.83533E+04
    0.38861E-02    0.84792E+04
    0.39646E-02    0.86062E+04
    0.40447E-02    0.87342E+04
    0.41264E-02    0.88631E+04
    0.42098E-02    0.89931E+04
    0.42948E-02    0.91239E+04
    0.43816E-02    0.92557E+04
    0.44701E-02    0.93883E+04
    0.45604E-02    0.95217E+04
    0.46525E-02    0.96559E+04
    0.47465E-02    0.97908E+04
    0.48424E-02    0.99264E+04
    0.49402E-02    0.10063E+05
    0.50400E-02    0.10199E+05
    0.51419E-02    0.10337E+05
    0.52457E-02    0.10475E+05
    0.53517E-02    0.10613E+05
    0.54598E-02    0.10752E+05
    0.55701E-02    0.10891E+05
    0.56826E-02    0.11030E+05
    0.57974E-02    0.11169E+05
    0.59145E-02    0.11309E+05
    0.60340E-02    0.11449E+05
    0.61559E-02    0.11588E+05
    0.62803E-02    0.11728E+05
    0.64072E-02    0.11867E+05
    0.65366E-02    0.12006E+05
    0.66686E-02    0.12145E+05
    0.68033E-02    0.12283E+05
    0.69408E-02    0.12421E+05
    0.70810E-02    0.12558E+05
    0.72240E-02    0.12694E+05
    0.73700E-02    0.12829E+05
    0.75189E-02    0.12964E+05
    0.76708E-02    0.13098E+05
    0.78257E-02    0.13230E+05
    0.79838E-02    0.13361E+05
    0.81451E-02    0.13491E+05
    0.83096E-02    0.13619E+05
    0.84775E-02    0.13746E+05
    0.86488E-02    0.13870E+05
    0.88235E-02    0.13993E+05
    0.90017E-02    0.14114E+05
    0.91836E-02    0.14233E+05
    0.93691E-02    0.14349E+05
    0.95583E-02    0.14463E+05
    0.97514E-02    0.14575E+05
    0.99484E-02    0.14683E+05
    0.10149E-01    0.14789E+05
    0.10354E-01    0.14892E+05
    0.10564E-01    0.14991E+05
    0.10777E-01    0.15087E+05
    0.10995E-01    0.15180E+05
    0.11217E-01    0.15269E+05
    0.11443E-01    0.15354E+05
    0.11675E-01    0.15434E+05
    0.11910E-01    0.15511E+05
    0.12151E-01    0.15583E+05
    0.12397E-01    0.15651E+05
    0.12647E-01    0.15714E+05
    0.12902E-01    0.15772E+05
    0.13163E-01    0.15825E+05
    0.13429E-01    0.15873E+05
    0.13700E-01    0.15915E+05
    0.13977E-01    0.15951E+05
    0.14259E-01    0.15982E+05
    0.14547E-01    0.16006E+05
    0.14841E-01    0.16025E+05
    0.15141E-01    0.16038E+05
    0.15447E-01    0.16045E+05
    0.15759E-01    0.16043E+05
    0.16077E-01    0.16031E+05
    0.16402E-01    0.16015E+05
    0.16734E-01    0.16007E+05
    0.17072E-01    0.16003E+05
    0.17416E-01    0.15991E+05
    0.17768E-01    0.15958E+05
    0.18127E-01    0.15907E+05
    0.18493E-01    0.15849E+05
    0.18867E-01    0.15786E+05
    0.19248E-01    0.15716E+05
    0.19637E-01    0.15638E+05
    0.20034E-01    0.15551E+05
    0.20438E-01    0.15460E+05
    0.20851E-01    0.15363E+05
    0.21272E-01    0.15250E+05
    0.21702E-01    0.15116E+05
    0.22141E-01    0.14971E+05
    0.22588E-01    0.14826E+05
    0.23044E-01    0.14685E+05
    0.23510E-01    0.14541E+05
    0.23985E-01    0.14389E+05
    0.24469E-01    0.14228E+05
    0.24964E-01    0.14058E+05
    0.25468E-01    0.13882E+05
    0.25982E-01    0.13705E+05
    0.26507E-01    0.13531E+05
    0.27043E-01    0.13353E+05
    0.27589E-01    0.13166E+05
    0.28146E-01    0.12967E+05
    0.28715E-01    0.12762E+05
    0.29295E-01    0.12554E+05
    0.29887E-01    0.12345E+05
    0.30490E-01    0.12133E+05
    0.31106E-01    0.11919E+05
    0.31735E-01    0.11703E+05
    0.32376E-01    0.11486E+05
    0.33030E-01    0.11270E+05
    0.33697E-01    0.11053E+05
    0.34378E-01    0.10838E+05
    0.35072E-01    0.10624E+05
    0.35781E-01    0.10412E+05
    0.36504E-01    0.10202E+05
    0.37241E-01    0.99958E+04
    0.37993E-01    0.97932E+04
    0.38761E-01    0.95948E+04
    0.39544E-01    0.94011E+04
    0.40343E-01    0.92125E+04
    0.41158E-01    0.90294E+04
    0.41989E-01    0.88522E+04
    0.42838E-01    0.86812E+04
    0.43703E-01    0.85167E+04
    0.44586E-01    0.83588E+04
    0.45486E-01    0.82076E+04
    0.46405E-01    0.80632E+04
    0.47343E-01    0.79255E+04
    0.48299E-01    0.77945E+04
    0.49275E-01    0.76699E+04
    0.50270E-01    0.75518E+04
    0.51286E-01    0.74394E+04
    0.52322E-01    0.73320E+04
    0.53379E-01    0.72287E+04
    0.54457E-01    0.71296E+04
    0.55557E-01    0.70350E+04
    0.56680E-01    0.69441E+04
    0.57825E-01    0.68542E+04
    0.58993E-01    0.67632E+04
    0.60184E-01    0.66707E+04
    0.61400E-01    0.65767E+04
    0.62641E-01    0.64806E+04
    0.63906E-01    0.63811E+04
    0.65197E-01    0.62769E+04
    0.66514E-01    0.61673E+04
    0.67858E-01    0.60516E+04
    0.69229E-01    0.59293E+04
    0.70627E-01    0.58002E+04
    0.72054E-01    0.56640E+04
    0.73510E-01    0.55207E+04
    0.74994E-01    0.53707E+04
    0.76509E-01    0.52145E+04
    0.78055E-01    0.50534E+04
    0.79632E-01    0.48885E+04
    0.81241E-01    0.47213E+04
    0.82882E-01    0.45531E+04
    0.84556E-01    0.43855E+04
    0.86264E-01    0.42202E+04
    0.88007E-01    0.40586E+04
    0.89785E-01    0.39026E+04
    0.91598E-01    0.37541E+04
    0.93449E-01    0.36143E+04
    0.95337E-01    0.34844E+04
    0.97263E-01    0.33652E+04
    0.99227E-01    0.32569E+04
    0.10123E+00    0.31597E+04
    0.10328E+00    0.30733E+04
    0.10536E+00    0.29971E+04
    0.10749E+00    0.29303E+04
    0.10966E+00    0.28714E+04
    0.11188E+00    0.28186E+04
    0.11414E+00    0.27700E+04
    0.11644E+00    0.27231E+04
    0.11880E+00    0.26759E+04
    0.12120E+00    0.26262E+04
    0.12365E+00    0.25722E+04
    0.12614E+00    0.25125E+04
    0.12869E+00    0.24460E+04
    0.13129E+00    0.23720E+04
    0.13394E+00    0.22912E+04
    0.13665E+00    0.22046E+04
    0.13941E+00    0.21139E+04
    0.14223E+00    0.20214E+04
    0.14510E+00    0.19293E+04
    0.14803E+00    0.18401E+04
    0.15102E+00    0.17563E+04
    0.15407E+00    0.16796E+04
    0.15718E+00    0.16113E+04
    0.16036E+00    0.15521E+04
    0.16360E+00    0.15017E+04
    0.16690E+00    0.14593E+04
    0.17028E+00    0.14235E+04
    0.17371E+00    0.13920E+04
    0.17722E+00    0.13625E+04
    0.18080E+00    0.13326E+04
    0.18446E+00    0.13002E+04
    0.18818E+00    0.12635E+04
    0.19198E+00    0.12222E+04
    0.19586E+00    0.11761E+04
    0.19982E+00    0.11265E+04
    0.20386E+00    0.10753E+04
    0.20797E+00    0.10245E+04
    0.21218E+00    0.97638E+03
    0.21646E+00    0.93283E+03
    0.22083E+00    0.89459E+03
    0.22530E+00    0.86205E+03
    0.22985E+00    0.83463E+03
    0.23449E+00    0.81067E+03
    0.23923E+00    0.78859E+03
    0.24406E+00    0.76658E+03
    0.24899E+00    0.74293E+03
    0.25402E+00    0.71687E+03
    0.25915E+00    0.68866E+03
    0.26439E+00    0.65882E+03
    0.26973E+00    0.62887E+03
    0.27518E+00    0.60041E+03
    0.28074E+00    0.57446E+03
    0.28641E+00    0.55148E+03
    0.29219E+00    0.53158E+03
    0.29810E+00    0.51378E+03
    0.30412E+00    0.49687E+03
    0.31026E+00    0.47990E+03
    0.31653E+00    0.46225E+03
    0.32292E+00    0.44355E+03
    0.32945E+00    0.42450E+03
    0.33610E+00    0.40595E+03
    0.34289E+00    0.38852E+03
    0.34982E+00    0.37258E+03
    0.35689E+00    0.35829E+03
    0.36409E+00    0.34507E+03
    0.37145E+00    0.33221E+03
    0.37895E+00    0.31931E+03
    0.38661E+00    0.30635E+03
    0.39442E+00    0.29336E+03
    0.40239E+00    0.28076E+03
    0.41052E+00    0.26898E+03
    0.41881E+00    0.25809E+03
    0.42727E+00    0.24783E+03
    0.43590E+00    0.23794E+03
    0.44471E+00    0.22830E+03
    0.45369E+00    0.21879E+03
    0.46286E+00    0.20949E+03
    0.47221E+00    0.20059E+03
    0.48174E+00    0.19222E+03
    0.49148E+00    0.18430E+03
    0.50141E+00    0.17667E+03
    0.51153E+00    0.16925E+03
    0.52187E+00    0.16208E+03
    0.53241E+00    0.15519E+03
    0.54317E+00    0.14858E+03
    0.55414E+00    0.14227E+03
    0.56533E+00    0.13624E+03
    0.57675E+00    0.13045E+03
    0.58840E+00    0.12485E+03
    0.60029E+00    0.11947E+03
    0.61242E+00    0.11432E+03
    0.62479E+00    0.10940E+03
    0.63741E+00    0.10468E+03
    0.65029E+00    0.10015E+03
    0.66342E+00    0.95791E+02
    0.67683E+00    0.91618E+02
    0.69050E+00    0.87625E+02
    0.70445E+00    0.83799E+02
    0.71868E+00    0.80129E+02
    0.73320E+00    0.76611E+02
    0.74801E+00    0.73239E+02
    0.76312E+00    0.70011E+02
    0.77854E+00    0.66919E+02
    0.79426E+00    0.63957E+02
    0.81031E+00    0.61119E+02
    0.82668E+00    0.58402E+02
    0.84338E+00    0.55801E+02
    0.86041E+00    0.53311E+02
    0.87780E+00    0.50927E+02
    0.89553E+00    0.48646E+02
    0.91362E+00    0.46463E+02
    0.93208E+00    0.44374E+02
    0.95091E+00    0.42375E+02
    0.97011E+00    0.40463E+02
    0.98971E+00    0.38634E+02
    0.10097E+01    0.36884E+02
    0.10301E+01    0.35211E+02
    0.10509E+01    0.33611E+02
    0.10721E+01    0.32080E+02
    0.10938E+01    0.30617E+02
    0.11159E+01    0.29218E+02
    0.11384E+01    0.27881E+02
    0.11614E+01    0.26604E+02
    0.11849E+01    0.25382E+02
    0.12088E+01    0.24215E+02
    0.12333E+01    0.23100E+02
    0.12582E+01    0.22034E+02
    0.12836E+01    0.21016E+02
    0.13095E+01    0.20044E+02
    0.13360E+01    0.19115E+02
    0.13630E+01    0.18228E+02
    0.13905E+01    0.17380E+02
    0.14186E+01    0.16571E+02
    0.14472E+01    0.15799E+02
    0.14765E+01    0.15061E+02
    0.15063E+01    0.14357E+02
    0.15367E+01    0.13685E+02
    0.15678E+01    0.13043E+02
    0.15994E+01    0.12431E+02
    0.16318E+01    0.11846E+02
    0.16647E+01    0.11289E+02
    0.16984E+01    0.10756E+02
    0.17327E+01    0.10249E+02
    0.17677E+01    0.97641E+01
    0.18034E+01    0.93019E+01
    0.18398E+01    0.88611E+01
    0.18770E+01    0.84406E+01
    0.19149E+01    0.80396E+01
    0.19536E+01    0.76571E+01
    0.19930E+01    0.72924E+01
    0.20333E+01    0.69446E+01
    0.20744E+01    0.66130E+01
    0.21163E+01    0.62968E+01
    0.21590E+01    0.59954E+01
    0.22026E+01    0.57081E+01
    0.22471E+01    0.54342E+01
    0.22925E+01    0.51732E+01
    0.23388E+01    0.49244E+01
    0.23861E+01    0.46874E+01
    0.24343E+01    0.44615E+01
    0.24835E+01    0.42462E+01
    0.25336E+01    0.40411E+01
    0.25848E+01    0.38457E+01
    0.26370E+01    0.36595E+01
    0.26903E+01    0.34821E+01
    0.27447E+01    0.33132E+01
    0.28001E+01    0.31523E+01
    0.28567E+01    0.29991E+01
    0.29144E+01    0.28531E+01
    0.29733E+01    0.27141E+01
    0.30333E+01    0.25818E+01
    0.30946E+01    0.24557E+01
    0.31571E+01    0.23358E+01
    0.32209E+01    0.22215E+01
    0.32860E+01    0.21128E+01
    0.33523E+01    0.20092E+01
    0.34201E+01    0.19107E+01
    0.34892E+01    0.18168E+01
    0.35596E+01    0.17276E+01
    0.36316E+01    0.16426E+01
    0.37049E+01    0.15617E+01
    0.37798E+01    0.14847E+01
    0.38561E+01    0.14115E+01
    0.39340E+01    0.13418E+01
    0.40135E+01    0.12755E+01
    0.40946E+01    0.12124E+01
    0.41773E+01    0.11524E+01
    0.42617E+01    0.10953E+01
    0.43478E+01    0.10410E+01
    0.44356E+01    0.98933E+00
    0.45252E+01    0.94019E+00
    0.46166E+01    0.89345E+00
    0.47099E+01    0.84900E+00
    0.48050E+01    0.80672E+00
    0.49021E+01    0.76652E+00
    0.50011E+01    0.72829E+00
    0.51021E+01    0.69193E+00
    0.52052E+01    0.65737E+00
    0.53104E+01    0.62450E+00
    0.54176E+01    0.59326E+00
    0.55271E+01    0.56355E+00
    0.56387E+01    0.53531E+00
    0.57526E+01    0.50846E+00
    0.58689E+01    0.48294E+00
    0.59874E+01    0.45869E+00
    0.61084E+01    0.43563E+00
    0.62318E+01    0.41372E+00
    0.63577E+01    0.39289E+00
    0.64861E+01    0.37310E+00
    0.66171E+01    0.35429E+00
    0.67508E+01    0.33642E+00
    0.68872E+01    0.31944E+00
    0.70263E+01    0.30330E+00
    0.71682E+01    0.28797E+00
    0.73130E+01    0.27340E+00
    0.74608E+01    0.25956E+00
    0.76115E+01    0.24641E+00
    0.77653E+01    0.23392E+00
    0.79221E+01    0.22206E+00
    0.80822E+01    0.21078E+00
    0.82454E+01    0.20008E+00
    0.84120E+01    0.18991E+00
    0.85819E+01    0.18025E+00
    0.87553E+01    0.17108E+00
    0.89322E+01    0.16237E+00
    0.91126E+01    0.15409E+00
    0.92967E+01    0.14624E+00
    0.94845E+01    0.13877E+00
    0.96761E+01    0.13169E+00
    0.98716E+01    0.12496E+00
    0.10071E+02    0.11858E+00
    0.10274E+02    0.11251E+00
    0.10482E+02    0.10675E+00
    0.10694E+02    0.10129E+00
    0.10910E+02    0.96098E-01
    0.11130E+02    0.91171E-01
    0.11355E+02    0.86494E-01
    0.11584E+02    0.82055E-01
    0.11818E+02    0.77841E-01
    0.12057E+02    0.73841E-01
    0.12301E+02    0.70045E-01
    0.12549E+02    0.66441E-01
    0.12803E+02    0.63021E-01
    0.13061E+02    0.59776E-01
    0.13325E+02    0.56696E-01
    0.13594E+02    0.53773E-01
    0.13869E+02    0.50999E-01
    0.14149E+02    0.48366E-01
    0.14435E+02    0.45869E-01
    0.14727E+02    0.43499E-01
    0.15024E+02    0.41250E-01
    0.15328E+02    0.39116E-01
    0.15637E+02    0.37092E-01
    0.15953E+02    0.35172E-01
    0.16275E+02    0.33350E-01
    0.16604E+02    0.31621E-01
    0.16940E+02    0.29981E-01
    0.17282E+02    0.28426E-01
    0.17631E+02    0.26950E-01
    0.17987E+02    0.25551E-01
    0.18351E+02    0.24223E-01
    0.18721E+02    0.22964E-01
    0.19099E+02    0.21769E-01
    0.19485E+02    0.20636E-01
    0.19879E+02    0.19562E-01
    0.20280E+02    0.18543E-01
    0.20690E+02    0.17577E-01
    0.21108E+02    0.16660E-01
    0.21535E+02    0.15791E-01
    0.21970E+02    0.14967E-01
    0.22413E+02    0.14185E-01
    0.22866E+02    0.13444E-01
    0.23328E+02    0.12742E-01
    0.23799E+02    0.12076E-01
    0.24280E+02    0.11444E-01
    0.24771E+02    0.10845E-01
    0.25271E+02    0.10277E-01
    0.25782E+02    0.97387E-02
    0.26302E+02    0.92283E-02
    0.26834E+02    0.87445E-02
    0.27376E+02    0.82858E-02
    0.27929E+02    0.78509E-02
    0.28493E+02    0.74387E-02
    0.29069E+02    0.70480E-02
    0.29656E+02    0.66776E-02
    0.30255E+02    0.63265E-02
    0.30866E+02    0.59938E-02
    0.31490E+02    0.56784E-02
    0.32126E+02    0.53795E-02
    0.32775E+02    0.50961E-02
    0.33437E+02    0.48276E-02
    0.34112E+02    0.45731E-02
    0.34801E+02    0.43320E-02
    0.35504E+02    0.41034E-02
    0.36222E+02    0.38868E-02
    0.36953E+02    0.36815E-02
    0.37700E+02    0.34870E-02
    0.38462E+02    0.33027E-02
    0.39239E+02    0.31281E-02
    0.40031E+02    0.29626E-02
    0.40840E+02    0.28058E-02
    0.41665E+02    0.26573E-02
    0.42507E+02    0.25165E-02
    0.43365E+02    0.23831E-02
    0.44241E+02    0.22568E-02
    0.45135E+02    0.21371E-02
    0.46047E+02    0.20237E-02
    0.46977E+02    0.19162E-02
    0.47926E+02    0.18145E-02
    0.48894E+02    0.17180E-02
    0.49882E+02    0.16267E-02
    0.50890E+02    0.15402E-02
    0.51918E+02    0.14582E-02
    0.52966E+02    0.13806E-02
    0.54036E+02    0.13071E-02
    0.55128E+02    0.12374E-02
    0.56242E+02    0.11715E-02
    0.57378E+02    0.11090E-02
    0.58537E+02    0.10498E-02
    0.59720E+02    0.99376E-03
    0.60926E+02    0.94068E-03
    0.62157E+02    0.89041E-03
    0.63412E+02    0.84280E-03
    0.64693E+02    0.79772E-03
    0.66000E+02    0.75503E-03
    0.67334E+02    0.71460E-03
    0.68694E+02    0.67631E-03
    0.70082E+02    0.64006E-03
    0.71497E+02    0.60573E-03
    0.72942E+02    0.57323E-03
    0.74415E+02    0.54245E-03
    0.75918E+02    0.51331E-03
    0.77452E+02    0.48572E-03
    0.79017E+02    0.45960E-03
    0.80613E+02    0.43487E-03
    0.82241E+02    0.41146E-03
    0.83903E+02    0.38929E-03
    0.85598E+02    0.36831E-03
    0.87327E+02    0.34844E-03
    0.89091E+02    0.32963E-03
    0.90891E+02    0.31183E-03
    0.92727E+02    0.29498E-03
    0.94600E+02    0.27903E-03
    0.96511E+02    0.26393E-03
    0.98461E+02    0.24964E-03
    0.10045E+03    0.23611E-03
    0.10248E+03    0.22331E-03
    0.10455E+03    0.21119E-03
    0.10666E+03    0.19972E-03
    0.10882E+03    0.18887E-03
    0.11101E+03    0.17859E-03
    0.11326E+03    0.16887E-03
    0.11554E+03    0.15967E-03
    0.11788E+03    0.15097E-03
    0.12026E+03    0.14273E-03
    0.12269E+03    0.13493E-03
    0.12517E+03    0.12756E-03
    0.12770E+03    0.12058E-03
    0.13028E+03    0.11398E-03
    0.13291E+03    0.10773E-03
    0.13559E+03    0.10182E-03
    0.13833E+03    0.96225E-04
    0.14113E+03    0.90934E-04
    0.14398E+03    0.85929E-04
    0.14689E+03    0.81195E-04
    0.14985E+03    0.76716E-04
    0.15288E+03    0.72480E-04
    0.15597E+03    0.68473E-04
    0.15912E+03    0.64683E-04
    0.16233E+03    0.61098E-04
    0.16561E+03    0.57708E-04
    0.16896E+03    0.54502E-04
    0.17237E+03    0.51470E-04
    0.17585E+03    0.48602E-04
    0.17941E+03    0.45891E-04
    0.18303E+03    0.43328E-04
    0.18673E+03    0.40904E-04
    0.19050E+03    0.38612E-04
    0.19435E+03    0.36445E-04
    0.19828E+03    0.34396E-04
